mean_SMAPE:0.268889543362195
median_SMAPE:0.22346893428018
std_SMAPE:0.176499885954949


mean_MASE:1.03069460704028
median_MASE:0.897574085216308
std_MASE:0.521206343579418


